 rhoin =    1.0000000000000000     
 uin =   0.59999999999999998     
 vin =    0.0000000000000000     
 Mach =   0.59999999999999998     
 ein =    1.9599895809818897     
 Tin =    1.0000000000000000     
 pin =   0.71377583751430551     
 aid =    340.41558511886325     
 aux =    0.0000000000000000     
 AoA =    0.0000000000000000     
